2585516923
5459316790
1988614013
2465704737
1887316467
2669079523
1777747571
5693528248
1676131704
1746358862
1697342215
2454895120
2120196027
2116978821
5343763260
1773594174
5325426203
1918660082
2409262317
1854828213
6276607199
3238258381
2155368313
1440100482
5031430943
5528209948
2074239464
2508369085
5582165342
2074239464
2074239464
5288227522
2074239464
1412695623
2679330027
5121300867
5298168318
1770060095
2617063793
5847896393
1573857582
1803718877
1473759820
1944286503
1852402954
6085689704
1775782332
3101748691
3895572966
1559892352
5631436558
3829214264
3317024415
5042946677
3731417504

